Ignite MongoDB Backend
======================================
Ignite imple mongo proprote act as mongdb server

Ignite Cache 和  Mongo Collection 是对应的。
_class 为type
_id    为key

使用lucene作为index，一个collection对应一个cache

默认的DataBase为default，不能创建新的数据库，只能通过配置文件增加数据库

必须配置admin数据库
当ignite的instance name 为admin时，不需要配置MongoPluginConfiguration，使用默认设置即可启动mongo协议。



Why 
===============
Ignite的全文检索能力比较差，使用mongodb协议支持全文检索

[
{"$search" : {"index" : "default", "knnBeta" : {"vector" : [ -0.008080919273197651, -0.015149347484111786, -0.002490428974851966, 0.006133804097771645, -0.026012970134615898, -0.012358971871435642, 0.02053667977452278, -0.04111943766474724, 0.06185612827539444, 0.003812255570665002, -0.002394032198935747, -0.03302502632141113, 0.009186794981360435, 0.009167499840259552, 0.008811733685433865, -0.014587697573006153, -0.01840468868613243, 0.001082138973288238, -0.05635853111743927, -0.05104496702551842, -0.0628909021615982, 0.0016261875862255692, -0.027332600206136703, 0.023150067776441574, 0.04454226419329643, -0.021170221269130707, -0.02504962496459484, 0.019402863457798958, -0.04481501877307892, 0.048275772482156754, 0.06577509641647339, -0.031116127967834473, 0.005944930948317051, 0.038778193295001984, 1.70676310062845E-6, 0.02485082671046257, -0.03960162401199341, -0.0021144039928913116, 0.04496096074581146, -0.03839429095387459, 0.0018745590932667255, 0.05324710160493851, -0.028714878484606743, 0.0071335770189762115, 0.005342694465070963, -0.029875094071030617, 0.0652267187833786, 0.012150343507528305, -0.06220381706953049, 0.029004786163568497, -6.170187261886895E-4, -0.007337666116654873, -0.06766128540039062, -0.028719386085867882, -0.05775722116231918, -0.0701235979795456, 0.008927044458687305, 0.052208565175533295, -0.03748749941587448, 0.06898323446512222, 0.00783026497811079, -0.04165616258978844, -0.01749229244887829, -0.014864371158182621, -0.044466301798820496, -0.019780166447162628, 0.017186840996146202, 0.024714529514312744, -0.0035936813801527023, -0.001053699990734458, 6.108006928116083E-4, -0.027619319036602974, 0.03140128776431084, 0.12694089114665985, -0.007071386557072401, -0.07416963577270508, 0.012515892274677753, -0.009928748942911625, -0.017291707918047905, 0.011417541652917862, -0.06275617331266403, -0.03149210661649704, -0.005749656818807125, 0.06475980579853058, 0.0318412147462368, 0.025863993912935257, -0.002706474158912897, -0.00997613463550806, -0.04555893316864967, 0.009344722144305706, -0.033535826951265335, -0.002976144663989544, -0.021018415689468384, 0.04932256042957306, -0.020913345739245415, -0.02146737463772297, 0.03508961573243141, 0.0807725340127945, -0.005764436908066273, 7.943797972984612E-4, -0.018143124878406525, 0.0214425977319479, -0.018884409219026566, 0.013392911292612553, -0.016759926453232765, 0.025853915140032768, -0.014563080854713917, -0.02455086261034012, 7.115132175385952E-4, -0.01988838240504265, 0.00163417833391577, 0.003485977416858077, 0.013705585151910782, -0.00450157281011343, -0.032716989517211914, 0.009951649233698845, -0.05065372958779335, 0.027752550318837166, 0.015806615352630615, 0.04276750981807709, 0.014836148358881474, -0.01516787800937891, 0.04516534507274628, 0.010185775347054005, 0.026695402339100838, 5.82135166041553E-4, -0.03465333580970764, 0.011106491088867188, 0.005738202948123217, 0.07202256470918655, -0.010826187208294868, 0.04731926694512367, -0.02682403475046158, 0.006846294272691011, -0.02508392184972763, -0.03423602506518364, 0.025628341361880302, 0.03285699337720871, 0.03719022125005722, -0.016551552340388298, -0.019778581336140633, 0.0033165025524795055, 0.03882741928100586, -0.00196100608445704, -0.027093220502138138, -0.016942286863923073, -0.007715051993727684, -0.057767532765865326, -0.02452041022479534, -0.026641322299838066, 0.06978566199541092, -0.03908681124448776, -0.04579690471291542, 0.01590689644217491, 0.047691404819488525, -0.02713579311966896, -0.008475566282868385, -9.417372057214379E-4, -0.053452007472515106, 0.06034097075462341, 0.054432213306427, -8.056015940383077E-4, 0.046372655779123306, -0.025952057912945747, 0.010637504979968071, -0.03158041462302208, 0.04496761038899422, -0.020411837846040726, 0.003625981044024229, 9.861958678811789E-4, -0.03677003085613251, -0.018903547897934914, -0.008537769317626953, 0.0013528178678825498, 0.023109275847673416, 0.039894599467515945, -0.05404479801654816, -0.13438846170902252, -0.04375229775905609, 0.0052068475633859634, -0.034899480640888214, -0.11730751395225525, -0.04008251056075096, 0.009656009264290333, 0.027061086148023605, 0.07635802030563354, 0.026755141094326973, 0.03603706136345863, -0.010118954814970493, 3.508209774736315E-4, 0.017589503899216652, -0.018482033163309097, -0.004148420412093401, 0.04105687886476517, -0.0016149873845279217, -0.030200578272342682, -0.04789333418011665, 0.07401919364929199, 0.025704484432935715, 0.010785967111587524, -0.04065702483057976, -0.025752056390047073, -0.04979317635297775, -0.028665101155638695, -0.04735274612903595, -0.010706154629588127, 0.06520058214664459, 0.008254602551460266, -0.003982394002377987, 0.004576135892421007, 0.021211247891187668, 0.04775169864296913, 0.036468569189310074, -0.02800700068473816, -0.0326542928814888, -0.020642956718802452, 0.021803386509418488, 0.008286676369607449, 0.03572716563940048, 0.042182933539152145, -0.03526628389954567, -0.06953518092632294, 0.01330236904323101, -0.0041666096076369286, 0.03814702481031418, 0.05740848183631897, -0.006660314276814461, -0.004547419957816601, -0.027473872527480125, -0.022054044529795647, -0.027152245864272118, 0.029145315289497375, 0.02151588536798954, 0.027043290436267853, -0.017043055966496468, 0.01091237086802721, 0.03292330354452133, -0.04303191602230072, 0.08392965793609619, -0.03437233716249466, -0.04769854247570038, -0.03032594360411167, -0.009565216489136219, 0.029634464532136917, 0.042815547436475754, 0.022593719884753227, 0.027164040133357048, 0.004984883591532707, 0.036514878273010254, -0.029939794912934303, -0.040317878127098083, -0.009707065299153328, 0.028783317655324936, -0.02503669261932373, 0.005778188817203045, -0.005087234079837799, -0.023440267890691757, 0.06409493833780289, -0.02073703333735466, -0.03252643719315529, -0.010640147142112255, 0.015834089368581772, 0.03888034075498581, -0.031335536390542984, 0.01944625750184059, 0.019293954595923424, 0.004543712828308344, -0.06022884324193001, 0.012111314572393894, -0.03331385552883148, 0.0034003732725977898, 0.021629396826028824, -0.007313867565244436, -7.382167386822402E-4, -0.04877326264977455, -0.008594552986323833, 0.004498484078794718, -0.03458520025014877, -0.04151686280965805, 0.0045255571603775024, -0.07310709357261658, 0.042112115770578384, 0.028845252469182014, 0.023819593712687492, 0.016912022605538368, -0.017606044188141823, -0.013874612748622894, 0.008422445505857468, 0.032360102981328964, -0.08783014863729477, 0.0028552894946187735, 0.004065042361617088, 0.017835626378655434, -0.03834647312760353, -0.006669559050351381, 0.03022269904613495, -0.024808062240481377, 0.034137140959501266, -0.02183295041322708, -0.018219005316495895, 0.021632203832268715, 0.024856658652424812, 0.06002264469861984, -0.019299203529953957, -0.06004898622632027, -0.027432186529040337, -8.161774021573365E-4, -0.03618861362338066, -0.01948012411594391, 0.04923706129193306, 0.030086074024438858, 0.027588512748479843, 0.02852862887084484, -0.04022357612848282, 0.002856579842045903, 0.028876952826976776, -0.0936724916100502, 0.017654763534665108, -0.032730598002672195, 0.08984989672899246, -0.006749125197529793, -0.006213842891156673, -0.014568313956260681, 0.02617279440164566, 0.02855854108929634, 0.07969213277101517, 0.02983001247048378, -0.009646991267800331, -0.005867518484592438, -0.0552079863846302, 0.04364282265305519, -0.05263546481728554, -0.010677470825612545, 0.026582062244415283, 0.0060281031765043736, -0.01530513446778059, -0.02578880451619625, -0.0777944028377533, -0.0015433636726811528, -0.020213700830936432, 0.04195469617843628, -0.0762593075633049, 0.016524391248822212, 0.050699327141046524, -0.0881817489862442, -0.03469465300440788, -0.021645421162247658, -0.01373896561563015, -0.04121442511677742, 0.06433914601802826, 0.00914880819618702, 0.06293513625860214, 0.004439701326191425, 0.009958314709365368, -0.04254952073097229, 0.04877172037959099, 0.05312339961528778, 0.0730542242527008, -0.02000443823635578, 0.044839825481176376, -0.08040519803762436, 0.037842754274606705, -0.0724864974617958, 0.05855437368154526, 0.008141850121319294, 0.01865921914577484, 0.019835319370031357, 4.941544611938298E-4, -0.01805855706334114, 0.0022819433361291885, 0.05767064169049263, 0.010142437182366848, -0.014843315817415714, 0.022402558475732803, 0.009905426762998104, 0.004325248766690493, 0.026615727692842484, -0.015600359067320824, 0.0179960448294878, 0.0070179826579988, 0.03198206052184105, -0.029506118968129158, 0.02201891876757145, 0.005549740046262741, 0.008028462529182434, -0.030286040157079697, 0.012157829478383064, 0.021212171763181686, -0.017080344259738922, 0.026880599558353424, 0.02729424647986889, -0.01995132304728031, -0.07517344504594803, 0.01570405624806881, 0.022172709926962852, 0.0062132328748703, 0.04644380882382393, -0.025958523154258728, 0.028100639581680298, -0.007612540852278471, 0.004505588673055172, -0.04478524252772331, -0.04852034151554108, -0.008221197873353958, -0.07050058990716934, 0.015040981583297253, -0.07537523657083511, 0.03394685313105583, 0.06864450126886368, 0.042920250445604324, -0.015015343204140663, 0.010947944596409798, 0.023510491475462914, 0.016851253807544708, 0.008922825567424297, -0.003514631185680628, -0.0057035270147025585, 0.007826396264135838, 0.03301679715514183, -0.06988303363323212, 0.003509161528199911, 0.07584597170352936, -8.511474006809294E-4, 0.014457913115620613, 0.09211092442274094, 0.05856482312083244, 0.08126435428857803, 0.029278386384248734, 0.02111208625137806, -5.217076395638287E-4, -1.9452840206213295E-4, 0.0031968196853995323, -0.05944881960749626, 0.03608372062444687, -0.09145139902830124, -0.05627036094665527, -0.03430115059018135, 0.00949570070952177, 0.010523694567382336, 0.016011329367756844, 0.004366278648376465, -0.030495189130306244, -0.03441590443253517, -0.015062058344483376, 0.005496250931173563, 0.022468525916337967, -0.011469382792711258, 0.031162748113274574, -0.04492456838488579, 0.014056629501283169, 0.0106700...
{"$project" : {"score" : {"$meta" : "searchScore"}, "embedding" : 0}}
]

Key type support
=================
LongID
StringID
