21.164552741740483
34.44455359262485
33.94734205787078
35.358021389142024
28.217148379945492
21.979623483476228
25.179151087820795
16.663784000265505
18.6332288900902
16.057363242333274
19.620020829117497
21.425096156547266
20.18953001360293
18.541744236595534
19.905009893658633
22.817998611044295
17.503116976482364
19.602061128432926
18.714094616880438
13.043964078144153
17.95103957809092
16.11765782736545
14.64413663576813
16.185286414626507
14.496079185487954
15.881579761736644
15.048892781075
18.215320269522508
20.433786993263364
12.775459494813123
15.38727503366468
13.40734400102275
13.593646293177692
13.557122556169663
20.283611241930156
20.293302348210815
21.318776069286322
23.952502661770687
30.344785709705167
35.05826914648418
27.20049305979657
24.61178278078263
24.618991512565287
21.935606702480257
20.0536180503364
20.06581000678366
17.215167736904057
14.710548808235021
19.00364327349821
20.082422388118232
20.736569614291824
25.80355134178083
22.525808056631174
18.730933044239823
35.60300729810213
24.361817631604794
31.72993595445449
23.198333216803814
19.85002226443056
18.285418055538244
16.75095037452558
22.464570879312504
24.679784812215896
32.86400124477411
24.05478101103431
19.348380567799698
20.999621681886243
18.132191466275003
20.832009749075805
24.088971315686862
21.813085306481824
22.894053567336112
23.379104331575054
24.33053821245845
22.152640952593423
20.411872025744643
21.408623510845107
20.810299700032573
20.70531852050972
27.310483630842196
23.94836472063911
24.25239921382196
22.649113302157275
23.18983802717364
26.379810372978937
21.403543045498985
23.041037015322697
24.642863977405163
29.241700734347805
22.93261682207133
22.172194719762174
23.704440957027128
25.15136140666791
20.663894656862876
27.853780131480843
21.92962322037711
38.82011666216642
43.89667059543811
32.91042869715988
26.045561593459762
26.110476484368686
18.880196699725307
19.960637302429078
20.242191052597644
18.881321953619217
18.99356014672636
20.192418865632042
20.196003721285983
19.188430635701017
22.00423135469518
22.930827665114776
18.93940211813681
18.947288931081346
19.774110600032568
18.220372489208046
21.30392472528196
19.752774329500976
19.504171941732174
19.698920034030287
22.225853149605744
20.688122106679526
20.039462328714063
16.925492403924604
18.99852203470001
21.254047505796265
16.01625259336251
15.94864028248406
17.48642470955056
15.28896627644686
19.396660296420013
19.782549243746097
21.812708812078647
17.710152224835046
15.413100325589951
17.70340364100517
17.384525367273696
17.907392701793928
13.607239056111437
16.847521564783612
14.499023063866698
14.265860573929002
14.03589509226626
15.019842627560848
12.663891023766888
14.131570716919317
16.2461219598252
14.298816599091582
16.637092245956154
15.604086293154985
20.702527127474973
19.46740940424256
15.985108607193087
18.245044278822125
17.300417921712594
15.478312040288447
13.726513847035916
40.46153474218855
24.729832310129535
23.958445104246024
27.167020538774082
49.81376987494329
49.763899610387476
49.740265263888446
21.953542778261728
24.566058286243084
50.56979388715128
22.787064866885373
22.996984087726574
22.575360458961253
18.829906022042753
19.95614299480929
22.489287237090124
24.31344455301194
22.853874878872183
29.231831811224854
22.8922437114595
24.120043903186193
29.23591807260737
37.73932876923115
40.324333387355985
34.67045200524914
37.583641702156974
32.247707746472045
26.258909528694033
29.340846958558156
49.12469209055186
31.02349742520599
30.187382160082088
35.02371794277118
35.646983341238524
30.553148093421097
36.941046577918655
30.593813975152443
29.054323721705735
49.615315903587565
34.353585404168356
30.36973215187362
33.77575025416485
33.991299512614276
33.230401227171384
23.713437729224786
42.564342273096344
48.79360052051148
49.61205410881091
23.08941526105016
23.666777788950462
21.66200393617301
24.0390258095901
19.488259028903943
21.43819058183768
19.49823133809392
22.718210403212506
27.154130376929203
23.50554318162597
25.08489891352236
22.86599092502905
27.047978614874694
21.930162059226504
23.554578852162642
27.29640542044021
21.505124097374143
27.533662049839982
27.86430902213703
45.209006701495
48.87051996243624
38.46129207721255
31.53450081366175
46.364673518296854
31.64997970969701
23.49765869642234
32.28680389245416
42.04361549831056
47.54834973862798
28.575148034368123
23.688344788258444
25.37476714203794
32.425419627828845
24.347614887508044
24.50129050865779
22.798639215956133
20.033968936438214
21.386284275663467
23.795449412147377
17.45414151144564
18.580643011708247
23.377981149376673
20.53341228602143
23.52185945551625
26.170461500376256
24.362040264816457
25.300382075623922
29.775991729691
42.55303137829672
22.035104870392306
20.563120544406843
43.535566665229666
49.77398640688496
36.143807589723615
30.632534298225195
34.47606813686944
42.53603143850725
48.95898311562212
31.471207216881954
36.19925373952015
22.85960349136891
30.300818284084684
49.75406749441813
43.6129177696169
21.327438277212263
20.710391564187564
25.36250083294143
24.762201014336746
35.71769761604902
32.33753165907187
31.913203988376274
33.25328392022616
32.73407024554032
27.917981706763676
34.878131976046504
45.70427124038703
35.71065315134212
45.8587657829742
50.187239973555606
31.841635005997325
22.501652910867552
20.063893302618112
23.257681189466947
22.56026584874239
24.250803257188185
29.69251939059277
36.19973924039158
27.992073514249764
24.32486806953272
21.84106052875242
28.378832199186164
26.422031489981613
19.959059689045365
22.679639079970237
29.656162409051543
25.33847765530765
23.282054947829984
25.566786207892285
33.26997806384548
35.62200679627758
28.17816316825635
33.730764176133064
28.46297981036522
23.91387745908587
20.31472216983363
16.899493917810325
22.65231504224782
18.984427852082455
21.755350311707566
23.361440743987306
17.624085959832733
17.941534685477443
19.052289922834408
22.556847572697198
21.307587876227466
23.80074402757554
23.276569706109512
21.1864449651466
18.461470447811372
24.088155499568764
25.40645329433642
23.746955009726367
21.580417567916797
19.36526836266955
22.618174026483366
20.222332662324682
17.5401189541411
19.7325917476802
22.25366785871715
21.09161841102577
20.897489003359453
18.974567501413663
18.414270972726804
20.437094838240856
19.665255050964582
19.498610552709884
32.4347320626257
17.188042095340236
24.520317088589213
30.848528359497863
17.962569662453305
17.593474675697106
23.311048681685914
24.887093655576127
26.338759207592332
23.10634435908665
23.746558541675498
19.11156329389437
30.276577355747925
18.131565994922134
20.466981614454447
17.557677174097133
21.416144608946404
22.42945458898263
22.25725888336469
24.741343605559717
19.234306772123688
21.502699798934817
17.844222132970824
22.193450303574235
27.522943412034657
20.734608359385405
23.22083675952978
49.7268756453758
50.316387345329446
49.83714473296656
49.17688834360419
49.77567522132131
14.182533585805587
13.384975617772794
15.371679422004473
13.891899259189174
13.078399336852993
11.689877320993613
10.40629866815365
10.590988449775296
11.187511710856114
10.699404391438337
11.299016068261464
8.948054514582488
7.6009282232279265
9.812052746463724
7.6331647802079825
9.990588038608827
11.308808817142909
14.673930682603622
21.155687492192005
10.2551456581643
14.460236437489163
12.313406691919944
13.2493083046598
12.582734504218593
10.197401747365666
5.208812701405201
7.017469485197408
6.031846616563065
8.71441499272153
11.95215600950543
8.410353928522795
8.327592690998838
5.439373354800356
12.394442232227915
27.66659948948724
16.838093968757427
26.208693358875212
15.486109129210284
17.564240425969317
17.23959811092
16.04148834711414
7.424796860641504
7.574708004733665
8.374715347661533
10.099487093475474
8.117528752079668
8.895503368583991
16.15593811973578
14.918601374011807
19.823062668655528
13.176943012611968
11.787692311721155
8.27071448325512
10.83272368748242
10.546354866229864
10.822758452077135
9.632229397417156
14.283801758103968
14.622417750027324
16.63389720007538
14.252782253498086
12.106427930309948
13.17368952190395
10.382466517837265
8.593917899919186
8.341010543309778
12.358234984129313
10.437531194460895
15.920114960755544
17.156717190383212
15.535071003939581
10.90063547746989
10.820305432589691
14.921240356012788
13.867640472748148
14.20031078315193
13.562450456065102
13.174301057770835
15.516887774877546
16.6214238533029
17.856618031639137
13.995438919234763
13.9918492639568
13.462096502177403
13.782174549809977
15.81476545696465
19.23055474486078
16.721742536354455
18.371669151125573
19.54678404584893
20.962653748742536
21.92505449677977
20.150160651727457
18.01599065887942
17.385312783339558
18.75484442216188
19.78934290291277
19.34178188165078
20.192165880962822
21.571657564965964
29.102871141380515
14.452906705647992
13.676531786057728
17.078332183275275
12.139745070856558
15.627002831948143
21.074845276293402
22.277023781019544
24.402402749088747
25.384059230134838
21.493854249161604
20.694732491502627
21.59250678105503
19.381287338956593
21.218798956538112
14.800212716306316
7.9354523912413395
8.101134581126702
14.030090136930372
19.297195651119253
21.180770151806414
23.31680605026658
22.639547784601067
19.18771952159576
19.418581405301946
21.367034972981788
18.510321322006938
18.222278628288336
22.415673688219442
19.581687315022645
23.395332403966947
22.29817573266537
13.314773833341942
